num	name	Nx	Ng
1	AAA	590899	109749140
2	AAC	389303	41627244
3	AAG	641362	57034179
4	AAT	413133	71276139
5	CAA	533764	54094783
6	CAC	600226	42952967
7	CAG	994661	57953591
8	CAT	564291	52546267
9	GAA	641357	56378039
10	GAC	434124	27009201
11	GAG	674653	48167946
12	GAT	457571	38221759
13	TAA	260269	59464724
14	TAC	321514	32449297
15	TAG	266509	36920158
16	TAT	283615	59017407
17	ACA	547257	57602370
18	ACC	535718	33255490
19	ACG	208023	7181698
20	ACT	454989	45999155
21	CCA	807999	52721754
22	CCC	632722	37601949
23	CCG	351767	7900528
24	CCT	763008	50842082
25	GCA	634008	41189144
26	GCC	699980	34053268
27	GCG	300487	6813510
28	GCT	679985	40009048
29	TCA	620407	56034342
30	TCC	687343	44155607
31	TCG	217933	6321268
32	TCT	685696	63331299
33	AGA	681964	63234914
34	AGC	682025	39995034
35	AGG	757386	50786559
36	AGT	456570	46059366
37	CGA	218067	6309329
38	CGC	300802	6807741
39	CGG	352248	7900539
40	CGT	207132	7199396
41	GGA	683489	44181008
42	GGC	697224	34037239
43	GGG	628301	37636541
44	GGT	533277	33294580
45	TGA	621474	56051516
46	TGC	634459	41224955
47	TGG	804133	52825740
48	TGT	546675	57813554
49	ATA	284522	58958922
50	ATC	456742	38179270
51	ATG	563225	52548021
52	ATT	414027	71375364
53	CTA	266476	36870884
54	CTC	676789	48167470
55	CTG	994565	57996664
56	CTT	645140	57146568
57	GTA	320459	32466243
58	GTC	434854	27046527
59	GTG	597801	43059447
60	GTT	389635	41794674
61	TTA	260353	59555531
62	TTC	645640	56449412
63	TTG	534633	54311635
64	TTT	592913	110166459
